50
20
00001000010100110101000000000000110000000001011000
00010100100010000101100000000000110000000011000000
10110111100100000000000001100000101110000001100011
00001001101000000000000010000001100000000001011010
00000000000000000010000010000001000110000001000110
00000000000000000010010010000001000000000001000100
00000000000000000000001000000100000101000001101100
00000000100000000000001000000000000110110001100000
10000001000000000000110000100110000000000001101100
11000101110000000000000000010010000011100000010000
10101111010000011000000001101001000000010000000000
10100001100000010000011010111001100000010000000000
11000011100000000000011000000001000010010000000000
00000100001100000000110011000000000001100000100001
10010000001100000000100000010010111010000001101011
10000000011100000011000000000001111000000011001010
00000000000000000010000000000000000000000001011010
01010000000000000001100000000000110000001001000110
00100000000000000000100000000000000000000010011000
00000000000000011000000011100000011000000010111000
